0 100 -0.0299446582794189 1 0 1 -9.82373046875 0 0 0 0 101064.265625
0.1 100 -0.0300016179680824 1 0 1 -9.79944229125977 0 0 0 0 101066.5546875
0.2 100 -0.0300171971321106 1 0 1 -9.80637645721436 0 0 0 0 101068.6328125
0.3 100 -0.030135303735733 1 0 1 -9.80637645721436 0 0 0 0 101069.4921875
0.4 100 -0.030245915055275 1 0 1 -9.83127117156982 0 0 0 0 101069.828125
0.5 100 -0.0301101207733154 1 0 1 -9.80033779144287 0 0 0 0 101066.7734375
0.6 100 -0.0297575742006302 1 0 1 -9.78292369842529 0 0 0 0 101063.71875
0.7 100 -0.0296656489372253 1 0 1 -9.83426570892334 0 0 0 0 101056.6484375
0.8 100 -0.0299937874078751 1 0 1 -9.83313655853271 0 0 0 0 101058.0546875
0.9 100 -0.0300500616431236 1 0 1 -9.83313655853271 0 0 0 0 101060.3515625
1 100 -0.0297896713018417 1 0 1 -9.76228332519531 0 0 0 0 101061.3203125
1.1 100 -0.029801107943058 1 0 1 -9.8140287399292 0 0 0 0 101060.0078125
1.2 100 -0.0300272703170776 1 0 1 -9.86046314239502 0 0 0 0 101059.6953125
1.3 100 -0.0300782546401024 1 0 1 -9.78624057769775 0 0 0 0 101058.4140625
1.4 100 -0.0300531014800072 1 0 1 -9.79319000244141 0 0 0 0 101057.984375
1.5 100 -0.0299781560897827 1 0 1 -9.79319000244141 0 0 0 0 101058.7265625
1.6 100 -0.0298661142587662 1 0 1 -9.79559421539307 0 0 0 0 101060.484375
1.7 100 -0.0300003290176392 1 0 1 -9.82776165008545 0 0 0 0 101062.046875
1.8 100 -0.0302043855190277 1 0 1 -9.83784961700439 0 0 0 0 101062.6953125
1.9 100 -0.0302882567048073 1 0 1 -9.79602241516113 0 0 0 0 101062.9140625
2 100 -0.0302814245223999 1 0 1 -9.79933261871338 0 0 0 0 101062.203125
2.1 100 -0.0302192866802216 1 0 1 -9.79933261871338 0 0 0 0 101061.7109375
2.2 100 -0.0301335230469704 1 0 1 -9.80336570739746 0 0 0 0 101060.8203125
2.3 100 -0.0300524085760117 1 0 1 -9.80686664581299 0 0 0 0 101060.5
2.4 100 -0.0300059169530869 1 0 1 -9.80990219116211 0 0 0 0 101060.703125
2.5 100 -0.0300915911793709 1 0 1 -9.82242774963379 0 0 0 0 101062.1953125
2.6 100 -0.0303285866975784 1 0 1 -9.82529163360596 0 0 0 0 101065.5234375
2.7 100 -0.0306546837091446 1 0 1 -9.82529163360596 0 0 0 0 101067.8984375
2.8 100 -0.0310727953910828 1 0 1 -9.81526756286621 0 0 0 0 101074.265625
2.9 100 -0.0315972790122032 1 0 1 -9.81675720214844 0 0 0 0 101083
3 100 -0.032240629196167 1 0 1 -9.81830024719238 0 0 0 0 101088.3203125
3.1 100 -0.0330137237906456 1 0 1 -9.81960868835449 0 0 0 0 101101.0234375
3.2 100 -0.0339258760213852 1 0 1 -9.82070636749268 0 0 0 0 101116.59375
3.3 100 -0.0349850505590439 1 0 1 -9.82070636749268 0 0 0 0 101125.4921875
3.4 100 -0.0361979678273201 1 0 1 -9.82161331176758 0 0 0 0 101145.6015625
3.5 100 -0.0375702157616615 1 0 1 -9.82234001159668 0 0 0 0 101168.84375
3.6 100 -0.0391063690185547 1 0 1 -9.82290077209473 0 0 0 0 101181.6640625
3.7 100 -0.0408100858330727 1 0 1 -9.82329559326172 0 0 0 0 101209.71875
3.8 100 -0.0426841825246811 1 0 1 -9.82353591918945 0 0 0 0 101241.0078125
3.9 100 -0.0447307676076889 1 0 1 -9.82353591918945 0 0 0 0 101257.8671875
4 100 -0.0469512417912483 1 0 1 -9.82362747192383 0 0 0 0 101294
4.1 100 -0.0493464171886444 1 0 1 -9.82357311248779 0 0 0 0 101333.3359375
4.2 100 -0.0519165545701981 1 0 1 -9.82337188720703 0 0 0 0 101354.1953125
4.3 100 -0.0546614527702332 1 0 1 -9.82301235198975 0 0 0 0 101398.2421875
4.4 100 -0.0575805157423019 1 0 1 -9.8225040435791 0 0 0 0 101445.359375
4.5 100 -0.060672715306282 1 0 1 -9.8225040435791 0 0 0 0 101470.046875
4.6 100 -0.0639367252588272 1 0 1 -9.82185363769531 0 0 0 0 101521.6328125
4.7 100 -0.0673708692193031 1 0 1 -9.82106113433838 0 0 0 0 101576.0859375
4.8 100 -0.0717136710882187 1 0 1 -9.8201208114624 0 0 0 0 101633.3203125
4.9 100 -0.0755150467157364 1 0 1 -9.81902313232422 0 0 0 0 101662.9453125
5 100 -0.0786739066243172 1 0 1 -9.8177661895752 0 0 0 0 101724.15625
5.1 100 -0.0827673897147179 1 0 1 -9.8177661895752 0 0 0 0 101755.71875
5.2 100 -0.087019644677639 1 0 1 -9.81639099121094 0 0 0 0 101820.6875
5.3 100 -0.091427817940712 1 0 1 -9.81486129760742 0 0 0 0 101888.0234375
5.4 100 -0.0959889069199562 1 0 1 -9.81323337554932 0 0 0 0 101922.546875
5.5 100 -0.100700080394745 1 0 1 -9.81145668029785 0 0 0 0 101993.2265625
5.6 100 -0.105558335781097 1 0 1 -9.80956077575684 0 0 0 0 102066.0078125
5.7 100 -0.110560595989227 1 0 1 -9.80956077575684 0 0 0 0 102103.1484375
5.8 100 -0.115703746676445 1 0 1 -9.80756187438965 0 0 0 0 102178.859375
5.9 100 -0.120984621345997 1 0 1 -9.80546569824219 0 0 0 0 102256.390625
6 100 -0.127498894929886 1 0 1 -9.80328464508057 0 0 0 0 102335.6328125
6.1 100 -0.131946757435799 1 0 1 -9.80100917816162 0 0 0 0 102375.8671875
6.2 100 -0.137621834874153 1 0 1 -9.79866695404053 0 0 0 0 102457.484375
6.3 100 -0.143422096967697 1 0 1 -9.79866695404053 0 0 0 0 102498.8515625
6.4 100 -0.149344310164452 1 0 1 -9.79628276824951 0 0 0 0 102582.625
6.5 100 -0.155385404825211 1 0 1 -9.79385948181152 0 0 0 0 102667.7109375
6.6 100 -0.161542147397995 1 0 1 -9.79140949249268 0 0 0 0 102710.71875
6.7 100 -0.167811691761017 1 0 1 -9.78893661499023 0 0 0 0 102797.609375
6.8 100 -0.174190998077393 1 0 1 -9.78646469116211 0 0 0 0 102885.59375
6.9 100 -0.180677101016045 1 0 1 -9.78646469116211 0 0 0 0 102929.9765625
7 100 -0.187267124652863 1 0 1 -9.78400802612305 0 0 0 0 103019.453125
7.1 100 -0.193958088755608 1 0 1 -9.78158569335938 0 0 0 0 103109.8359375
7.2 100 -0.200747042894363 1 0 1 -9.77920246124268 0 0 0 0 103155.34375
7.3 100 -0.207631394267082 1 0 1 -9.77685928344727 0 0 0 0 103246.9375
7.4 100 -0.214608520269394 1 0 1 -9.77458000183105 0 0 0 0 103339.265625
7.5 100 -0.22167557477951 1 0 1 -9.77458000183105 0 0 0 0 103385.6875
7.6 100 -0.228830099105835 1 0 1 -9.77237987518311 0 0 0 0 103479
7.7 100 -0.23606938123703 1 0 1 -9.77026653289795 0 0 0 0 103572.90625
7.8 100 -0.243390873074532 1 0 1 -9.76824378967285 0 0 0 0 103620.0625
7.9 100 -0.250792294740677 1 0 1 -9.76631355285645 0 0 0 0 103714.7578125
8 100 -0.258271396160126 1 0 1 -9.76449012756348 0 0 0 0 103809.9296875
8.1 100 -0.265825510025024 1 0 1 -9.76449012756348 0 0 0 0 103857.6796875
8.2 100 -0.273452550172806 1 0 1 -9.76279830932617 0 0 0 0 103953.4765625
8.3 100 -0.281150281429291 1 0 1 -9.76120758056641 0 0 0 0 104049.6640625
8.4 100 -0.288916528224945 1 0 1 -9.75974559783936 0 0 0 0 104097.8828125
8.5 100 -0.296749174594879 1 0 1 -9.75840187072754 0 0 0 0 104194.578125
8.6 100 -0.304646342992783 1 0 1 -9.75718784332275 0 0 0 0 104291.578125
8.7 100 -0.312605887651443 1 0 1 -9.75718784332275 0 0 0 0 104340.1875
8.8 100 -0.320625931024551 1 0 1 -9.75610637664795 0 0 0 0 104437.609375
8.9 100 -0.328704595565796 1 0 1 -9.75514793395996 0 0 0 0 104535.2890625
9 100 -0.336839914321899 1 0 1 -9.75432300567627 0 0 0 0 104584.21875
9.1 100 -0.345030307769775 1 0 1 -9.7536153793335 0 0 0 0 104682.2578125
9.2 100 -0.353274017572403 1 0 1 -9.75303173065186 0 0 0 0 104780.515625
9.3 100 -0.361569315195084 1 0 1 -9.75303173065186 0 0 0 0 104829.7265625
9.4 100 -0.369914591312408 1 0 1 -9.75257015228271 0 0 0 0 104928.296875
9.5 100 -0.378308326005936 1 0 1 -9.75222587585449 0 0 0 0 105027.078125
9.6 100 -0.386748850345612 1 0 1 -9.75199413299561 0 0 0 0 105076.5390625
9.7 100 -0.395234823226929 1 0 1 -9.75186824798584 0 0 0 0 105175.609375
9.8 100 -0.403764694929123 1 0 1 -9.75184440612793 0 0 0 0 105274.875
9.9 100 -0.412337124347687 1 0 1 -9.75184440612793 0 0 0 0 105324.578125
10 100 -0.42095074057579 1 0 1 -9.75191402435303 0 0 0 0 105424.125
10.1 100 -0.429604291915894 1 0 1 -9.75207710266113 0 0 0 0 105523.875
10.2 100 -0.438296437263489 1 0 1 -9.75232601165771 0 0 0 0 105573.8203125
10.3 100 -0.447025984525681 1 0 1 -9.75264835357666 0 0 0 0 105673.859375
10.4 100 -0.455791741609573 1 0 1 -9.75304889678955 0 0 0 0 105774.109375
10.5 100 -0.464592486619949 1 0 1 -9.75304889678955 0 0 0 0 105824.3046875
10.6 100 -0.473427206277847 1 0 1 -9.75351428985596 0 0 0 0 105924.859375
10.7 100 -0.482294738292694 1 0 1 -9.7540397644043 0 0 0 0 106025.625
10.8 100 -0.492977678775787 1 0 1 -9.75461769104004 0 0 0 0 106126.6171875
10.9 100 -0.500124216079712 1 0 1 -9.75524806976318 0 0 0 0 106177.1875
11 100 -0.509084165096283 1 0 1 -9.75591945648193 0 0 0 0 106278.515625
11.1 100 -0.518072903156281 1 0 1 -9.75591945648193 0 0 0 0 106329.265625
11.2 100 -0.527089536190033 1 0 1 -9.75662803649902 0 0 0 0 106430.9453125
11.3 100 -0.536133170127869 1 0 1 -9.75736618041992 0 0 0 0 106532.875
11.4 100 -0.54520308971405 1 0 1 -9.75812721252441 0 0 0 0 106583.9296875
11.5 100 -0.554298341274261 1 0 1 -9.75891590118408 0 0 0 0 106686.2265625
11.6 100 -0.563418030738831 1 0 1 -9.75972175598145 0 0 0 0 106788.7890625
11.7 100 -0.572561383247375 1 0 1 -9.75972175598145 0 0 0 0 106840.1640625
11.8 100 -0.581727862358093 1 0 1 -9.76053619384766 0 0 0 0 106943.1171875
11.9 100 -0.590916574001312 1 0 1 -9.76135444641113 0 0 0 0 107046.3515625
12 100 -0.60012686252594 1 0 1 -9.76218318939209 0 0 0 0 107098.0703125
12.1 100 -0.609358072280884 1 0 1 -9.76301574707031 0 0 0 0 107201.71875
12.2 100 -0.618609368801117 1 0 1 -9.76384544372559 0 0 0 0 107305.6484375
12.3 100 -0.627880275249481 1 0 1 -9.76384544372559 0 0 0 0 107357.7265625
12.4 100 -0.637170135974884 1 0 1 -9.76466846466064 0 0 0 0 107462.0859375
12.5 100 -0.646478295326233 1 0 1 -9.76548194885254 0 0 0 0 107566.734375
12.6 100 -0.65580427646637 1 0 1 -9.76628398895264 0 0 0 0 107619.171875
12.7 100 -0.665147483348846 1 0 1 -9.76707935333252 0 0 0 0 107724.265625
12.8 100 -0.674507200717926 1 0 1 -9.76786041259766 0 0 0 0 107829.65625
12.9 100 -0.683883130550385 1 0 1 -9.76786041259766 0 0 0 0 107882.4609375
13 100 -0.693274676799774 1 0 1 -9.76862335205078 0 0 0 0 107988.2890625
13.1 100 -0.702681303024292 1 0 1 -9.76936817169189 0 0 0 0 108094.421875
13.2 100 -0.712102711200714 1 0 1 -9.77009391784668 0 0 0 0 108147.59375
13.3 100 -0.721538305282593 1 0 1 -9.77080631256104 0 0 0 0 108254.1640625
13.4 100 -0.730987668037415 1 0 1 -9.77149772644043 0 0 0 0 108361.03125
13.5 100 -0.740450322628021 1 0 1 -9.77149772644043 0 0 0 0 108414.578125
13.6 100 -0.749926030635834 1 0 1 -9.77216720581055 0 0 0 0 108521.875
13.7 100 -0.759414196014404 1 0 1 -9.77281379699707 0 0 0 0 108629.46875
13.8 100 -0.768914639949799 1 0 1 -9.77343845367432 0 0 0 0 108683.3671875
13.9 100 -0.778426706790924 1 0 1 -9.77404594421387 0 0 0 0 108791.3828125
14 100 -0.787950158119202 1 0 1 -9.77463245391846 0 0 0 0 108899.6796875
14.1 100 -0.797484695911407 1 0 1 -9.77463245391846 0 0 0 0 108953.9296875
14.2 100 -0.807029962539673 1 0 1 -9.77519607543945 0 0 0 0 109062.6328125
14.3 100 -0.816585659980774 1 0 1 -9.77573776245117 0 0 0 0 109171.6015625
14.4 100 -0.826151371002197 1 0 1 -9.77625560760498 0 0 0 0 109226.1875
14.5 100 -0.835726857185364 1 0 1 -9.77675914764404 0 0 0 0 109335.546875
14.6 100 -0.845311760902405 1 0 1 -9.77724170684814 0 0 0 0 109445.1640625
14.7 100 -0.854905903339386 1 0 1 -9.77724170684814 0 0 0 0 109500.0625
14.8 100 -0.864508926868439 1 0 1 -9.7777042388916 0 0 0 0 109610.046875
14.9 100 -0.874120533466339 1 0 1 -9.77814483642578 0 0 0 0 109720.265625
15 100 -0.883740484714508 1 0 1 -9.77856636047363 0 0 0 0 109775.453125
15.1 100 -0.893368542194366 1 0 1 -9.77897453308105 0 0 0 0 109886.015625
15.2 100 -0.90300440788269 1 0 1 -9.77936553955078 0 0 0 0 109996.7890625
15.3 100 -0.91264796257019 1 0 1 -9.77936553955078 0 0 0 0 110052.2578125
15.4 100 -0.922298967838287 1 0 1 -9.77973747253418 0 0 0 0 110163.34375
15.5 100 -0.931957006454468 1 0 1 -9.78009414672852 0 0 0 0 110274.6328125
15.6 100 -0.941622078418732 1 0 1 -9.78043365478516 0 0 0 0 110330.3515625
15.7 100 -0.951293766498566 1 0 1 -9.78076267242432 0 0 0 0 110441.921875
15.8 100 -0.960972130298615 1 0 1 -9.78107738494873 0 0 0 0 110553.671875
15.9 100 -0.97065681219101 1 0 1 -9.78107738494873 0 0 0 0 110609.6171875
16 100 -0.980347633361816 1 0 1 -9.78137969970703 0 0 0 0 110721.625
16.1 100 -0.990044355392456 1 0 1 -9.7816686630249 0 0 0 0 110833.7890625
16.2 100 -0.999746978282928 1 0 1 -9.78194427490234 0 0 0 0 110889.9296875
16.3 100 -1.0094553232193 1 0 1 -9.78221321105957 0 0 0 0 111002.328125
16.4 100 -1.01916897296906 1 0 1 -9.78247261047363 0 0 0 0 111114.859375
16.5 100 -1.02888786792755 1 0 1 -9.78247261047363 0 0 0 0 111171.1796875
16.6 100 -1.03861200809479 1 0 1 -9.7827205657959 0 0 0 0 111283.90625
16.7 100 -1.0483410358429 1 0 1 -9.78296089172363 0 0 0 0 111396.7578125
16.8 100 -1.05807495117188 1 0 1 -9.78319358825684 0 0 0 0 111453.2265625
16.9 100 -1.06781339645386 1 0 1 -9.78342056274414 0 0 0 0 111566.25
17 100 -1.07755672931671 1 0 1 -9.78364086151123 0 0 0 0 111679.375
17.1 100 -1.08730435371399 1 0 1 -9.78364086151123 0 0 0 0 111735.9765625
17.2 100 -1.0970561504364 1 1 1 -9.78385162353516 -0.00726574100553989 -5.98455596190206e-09 -0.0986450538039207 46.4413757324219 111849.25
17.3 100 -1.10681223869324 1 1 1 -9.78405952453613 -0.00724057015031576 -4.06500744176697e-09 -0.0986693203449249 46.4295043945312 111962.609375
17.4 100 -1.11657249927521 1 1 1 -9.78426265716553 -0.0072200670838356 -1.07780784297518e-09 -0.0986957103013992 46.4176025390625 112019.3203125
17.5 100 -1.12633645534515 1 1 1 -9.78446578979492 -0.0071922242641449 5.77163605797182e-09 -0.0987249910831451 46.4057312011719 112132.8046875
17.6 100 -1.13610434532166 1 1 1 -9.78466510772705 -0.00716576958075166 7.5513169051078e-09 -0.0987566933035851 46.3938598632812 112246.3515625
17.7 100 -1.14587581157684 1 1 1 -9.78466510772705 -0.00716576958075166 7.5513169051078e-09 -0.0987566933035851 46.3938598632812 112303.15625
17.8 100 -1.15565085411072 1 1 1 -9.7848596572876 -0.00714022200554609 1.0635439195994e-08 -0.0987903252243996 46.3819580078125 112416.8046875
17.9 100 -1.16542935371399 1 1 1 -9.78504943847656 -0.00711915222927928 1.27860859677753e-08 -0.0988254770636559 46.3700866699219 112530.515625
18 100 -1.17521142959595 1 1 1 -9.78523921966553 -0.00709645356982946 1.64344164943486e-08 -0.0988622754812241 46.3581848144531 112587.390625
18.1 100 -1.18499672412872 1 1 1 -9.78542804718018 -0.00706936372444034 1.72441190215977e-08 -0.0989008247852325 46.3462829589844 112701.1796875
18.2 100 -1.19478523731232 1 1 1 -9.78561401367188 -0.00704573281109333 2.21650005016727e-08 -0.0989403873682022 46.3343811035156 112815.015625
18.3 100 -1.20457673072815 1 1 1 -9.78561401367188 -0.00704573281109333 2.21650005016727e-08 -0.0989403873682022 46.3343811035156 112871.953125
18.4 100 -1.21437120437622 1 1 1 -9.78579902648926 -0.00702380016446114 2.10665778155317e-08 -0.0989808142185211 46.3224792480469 112985.8515625
18.5 100 -1.22416877746582 1 1 1 -9.78598594665527 -0.00699834944680333 2.27330687607719e-08 -0.0990227535367012 46.3105773925781 113099.78125
18.6 100 -1.23396921157837 1 1 1 -9.78617095947266 -0.00697994371876121 2.2901765817096e-08 -0.0990654677152634 46.2986755371094 113156.765625
18.7 100 -1.24377226829529 1 1 1 -9.78635883331299 -0.00695522967725992 2.51669192152804e-08 -0.0991094410419464 46.2867431640625 113270.75
18.8 100 -1.25357818603516 1 1 1 -9.786545753479 -0.00693015241995454 2.14334363590751e-08 -0.0991543829441071 46.2748107910156 113384.765625
18.9 100 -1.26338648796082 1 1 1 -9.786545753479 -0.00693015241995454 2.14334363590751e-08 -0.0991543829441071 46.2748107910156 113441.78125
19 100 -1.27319753170013 1 1 1 -9.78673267364502 -0.00690496899187565 1.93531590753082e-08 -0.0991999134421349 46.2628784179688 113555.828125
19.1 100 -1.28301095962524 1 1 1 -9.78691959381104 -0.00688346242532134 1.60536401949685e-08 -0.0992457047104836 46.2509460449219 113669.8984375
19.2 100 -1.29282677173615 1 1 1 -9.787109375 -0.00686002802103758 1.29429071904497e-08 -0.0992918536067009 46.239013671875 113726.9375
19.3 100 -1.30264484882355 1 1 1 -9.78730010986328 -0.00683404644951224 1.00033918926101e-08 -0.0993383601307869 46.22705078125 113841.0390625
19.4 100 -1.31246531009674 1 1 1 -9.7874927520752 -0.0068073351867497 7.21816473259196e-09 -0.0993852838873863 46.2151184082031 113955.1484375
19.5 100 -1.32228779792786 1 1 1 -9.7874927520752 -0.0068073351867497 7.21816473259196e-09 -0.0993852838873863 46.2151184082031 114012.203125
19.6 100 -1.33211255073547 1 1 1 -9.78768539428711 -0.00678066723048687 4.57143123355763e-09 -0.0994320288300514 46.2031555175781 114126.328125
19.7 100 -1.3419394493103 1 1 1 -9.78787899017334 -0.00675370963290334 5.99474736517891e-09 -0.0994783118367195 46.1911926269531 114240.46875
19.8 100 -1.35176837444305 1 1 1 -9.78807353973389 -0.00673037581145763 4.27807256286883e-09 -0.0995238125324249 46.1792297363281 114297.5390625
19.9 100 -1.36159920692444 1 1 1 -9.78826999664307 -0.00670503405854106 1.66501534781816e-09 -0.0995687618851662 46.167236328125 114411.6953125
20 100 -1.37143194675446 1 1 1 -9.78847122192383 -0.00667544128373265 -8.44414538292426e-10 -0.0996135622262955 46.1552734375 114525.8515625
20.1 100 -1.38126647472382 1 1 1 -9.78847122192383 -0.00667544128373265 -8.44414538292426e-10 -0.0996135622262955 46.1552734375 114582.9296875
20.2 100 -1.39307045936584 1 1 1 -9.78867053985596 -0.00664648087695241 -3.26434435038436e-09 -0.0996576026082039 46.143310546875 114697.09375
20.3 100 -1.40094101428986 1 1 1 -9.78887176513672 -0.00661717401817441 -7.43963113336576e-09 -0.0997005552053452 46.1313171386719 114811.265625
20.4 100 -1.41078102588654 1 1 1 -9.78907203674316 -0.00659329677000642 -1.22056604823229e-08 -0.0997421517968178 46.1193237304688 114868.3515625
20.5 100 -1.42062258720398 1 1 1 -9.78927898406982 -0.0065627102740109 -1.34197550849535e-08 -0.0997829958796501 46.1073303222656 114982.53125
20.6 100 -1.43046581745148 1 1 1 -9.78948402404785 -0.00653158221393824 -1.49639536317636e-08 -0.0998230278491974 46.0953369140625 115096.71875
20.7 100 -1.44031071662903 1 1 1 -9.78948402404785 -0.00653158221393824 -1.49639536317636e-08 -0.0998230278491974 46.0953369140625 115153.8125
20.8 100 -1.45015692710876 1 1 1 -9.78969097137451 -0.00650019990280271 -1.74557648335849e-08 -0.0998617857694626 46.0833129882812 115268
20.9 100 -1.46000480651855 1 1 1 -9.78989887237549 -0.00646831281483173 -1.491794776598e-08 -0.0998992100358009 46.0713195800781 115382.1875
21 100 -1.46985399723053 1 1 1 -9.79010581970215 -0.00643931142985821 -1.3246786778609e-08 -0.0999349057674408 46.0592956542969 115439.2890625
21.1 100 -1.47970485687256 1 1 1 -9.79031372070312 -0.00641035009175539 -1.01747152925213e-08 -0.0999688804149628 46.0472717285156 115553.4921875
21.2 100 -1.48955702781677 1 1 1 -9.79052543640137 -0.00637603737413883 -8.19963474896213e-09 -0.100001804530621 46.0352478027344 115667.6953125
21.3 100 -1.49941051006317 1 1 1 -9.79052543640137 -0.00637603737413883 -8.19963474896213e-09 -0.100001804530621 46.0352478027344 115724.796875
21.4 100 -1.50926530361176 1 1 1 -9.79073619842529 -0.00634217727929354 -6.19063955653587e-09 -0.10003349930048 46.0232238769531 115839.0078125
21.5 100 -1.51912152767181 1 1 1 -9.7909460067749 -0.00631099473685026 -4.13655820707959e-09 -0.100063636898994 46.0111999511719 115953.2265625
21.6 100 -1.52897894382477 1 1 1 -9.79115676879883 -0.00627959333360195 -2.02535099802503e-09 -0.100092135369778 45.9991760253906 116010.34375
21.7 100 -1.53883767127991 1 1 1 -9.79136943817139 -0.00624473672360182 1.55186655192985e-10 -0.100119277834892 45.9871215820312 116124.5703125
21.8 100 -1.54869747161865 1 1 1 -9.79158115386963 -0.0062094465829432 2.41678610457541e-09 -0.100145146250725 45.97509765625 116238.8046875
21.9 100 -1.55855858325958 1 1 1 -9.79158115386963 -0.0062094465829432 2.41678610457541e-09 -0.100145146250725 45.97509765625 116295.9296875
22 100 -1.56842076778412 1 1 1 -9.79179191589355 -0.00617401301860809 4.77193662362652e-09 -0.100169472396374 45.9630432128906 116410.1796875
22.1 100 -1.57828402519226 1 1 1 -9.79200267791748 -0.00613865349441767 7.23347248765549e-09 -0.100192107260227 45.9509887695312 116524.4375
22.2 100 -1.5881484746933 1 1 1 -9.79221153259277 -0.00610602833330631 1.1080607542624e-08 -0.100212775170803 45.93896484375 116581.5703125
22.3 100 -1.59801399707794 1 1 1 -9.79242038726807 -0.0060735153965652 1.48921177611783e-08 -0.100231640040874 45.9269104003906 116695.8359375
22.4 100 -1.60788059234619 1 1 1 -9.79262924194336 -0.0060361004434526 1.91600229015876e-08 -0.100249290466309 45.9148559570312 116810.125
22.5 100 -1.61774814128876 1 1 1 -9.79262924194336 -0.0060361004434526 1.91600229015876e-08 -0.100249290466309 45.9148559570312 116867.2734375
22.6 100 -1.62761676311493 1 1 1 -9.79283809661865 -0.00599944218993187 2.20464766442774e-08 -0.100265696644783 45.9028015136719 116981.578125
22.7 100 -1.63748633861542 1 1 1 -9.79304504394531 -0.00596529711037874 2.58130192776207e-08 -0.100280538201332 45.8907470703125 117095.8984375
22.8 100 -1.64735686779022 1 1 1 -9.79325008392334 -0.005932392552495 2.76848322044998e-08 -0.100293777883053 45.8786926269531 117153.0546875
22.9 100 -1.65722846984863 1 1 1 -9.79345607757568 -0.00589435175061226 2.94676070211608e-08 -0.100306153297424 45.8666381835938 117267.3984375
23 100 -1.66710078716278 1 1 1 -9.79366016387939 -0.0058573866263032 3.21338831099638e-08 -0.100317344069481 45.8545837402344 117381.75
23.1 100 -1.67697417736053 1 1 1 -9.79366016387939 -0.0058573866263032 3.21338831099638e-08 -0.100317344069481 45.8545837402344 117438.9375
23.2 100 -1.68684828281403 1 1 1 -9.79386138916016 -0.00582044525071979 3.15131885031406e-08 -0.100327126681805 45.842529296875 117553.3125
23.3 100 -1.69672346115112 1 1 1 -9.79406070709229 -0.00578378373757005 2.96837150415286e-08 -0.100335448980331 45.8304443359375 117667.703125
23.4 100 -1.70659935474396 1 1 1 -9.79425716400146 -0.00575241632759571 2.94214572704732e-08 -0.100342020392418 45.8183898925781 117724.90625
23.5 100 -1.71647620201111 1 1 1 -9.79445552825928 -0.00571523886173964 3.05238927467144e-08 -0.100347623229027 45.8063354492188 117839.328125
23.6 100 -1.726353764534 1 1 1 -9.79465007781982 -0.00567824579775333 2.52579912540796e-08 -0.100352354347706 45.7942810058594 117953.7734375
23.7 100 -1.73623204231262 1 1 1 -9.79465007781982 -0.00567824579775333 2.52579912540796e-08 -0.100352354347706 45.7942810058594 118011
23.8 100 -1.74611127376556 1 1 1 -9.79484367370605 -0.00564137613400817 2.19789448863139e-08 -0.100355990231037 45.7821960449219 118125.46875
23.9 100 -1.75599122047424 1 1 1 -9.79503345489502 -0.00560707179829478 1.580653652411e-08 -0.100358381867409 45.7701721191406 118239.953125
24 100 -1.76587188243866 1 1 1 -9.79522037506104 -0.00557360425591469 1.26616486184616e-08 -0.100359573960304 45.7581176757812 118297.2109375
24.1 100 -1.77575349807739 1 1 1 -9.79540824890137 -0.00553686637431383 8.90603057968065e-09 -0.100360132753849 45.7460632324219 118411.734375
24.2 100 -1.78563570976257 1 1 1 -9.79559421539307 -0.00550033152103424 5.31220489818907e-09 -0.100360170006752 45.7340087890625 118526.2734375
24.3 100 -1.79551863670349 1 1 1 -9.79559421539307 -0.00550033152103424 5.31220489818907e-09 -0.100360170006752 45.7340087890625 118583.5546875
24.4 100 -1.80540227890015 1 1 1 -9.7957763671875 -0.00546432053670287 1.66236147070009e-09 -0.100359350442886 45.721923828125 118698.1328125
24.5 100 -1.81528651714325 1 1 1 -9.79595470428467 -0.00543072493746877 -1.63722901902474e-09 -0.10035751760006 45.7098693847656 118812.7265625
24.6 100 -1.82517158985138 1 1 1 -9.79613208770752 -0.00539805181324482 -4.83500617320942e-09 -0.1003547757864 45.6978149414062 118870.0390625
24.7 100 -1.83505725860596 1 1 1 -9.79630756378174 -0.0053623178973794 -2.34225816519995e-09 -0.100351601839066 45.6857604980469 118984.671875
24.8 100 -1.84494364261627 1 1 1 -9.79648113250732 -0.00532695278525352 -1.08236681839458e-08 -0.100347995758057 45.6737060546875 119099.328125
24.9 100 -1.85483062267303 1 1 1 -9.79648113250732 -0.00532695278525352 -1.08236681839458e-08 -0.100347995758057 45.6737060546875 119156.6640625
25 100 -1.86471819877625 1 1 1 -9.79665184020996 -0.00529200909659266 -2.02483381173124e-08 -0.100343875586987 45.66162109375 119271.3515625
25.1 100 -1.87460649013519 1 1 1 -9.79681873321533 -0.00525473151355982 -2.38380799544302e-08 -0.10033892840147 45.6495666503906 119386.0703125
25.2 100 -1.88449537754059 1 1 1 -9.79698181152344 -0.00522855017334223 -2.92759612108284e-08 -0.100332692265511 45.6375122070312 119443.4296875
25.3 100 -1.89438498020172 1 1 1 -9.79714679718018 -0.00519381929188967 -2.49333673707497e-08 -0.100326687097549 45.6254577636719 119558.1875
25.4 100 -1.90427505970001 1 1 1 -9.79730892181396 -0.00515956338495016 -3.01547373737776e-08 -0.100320771336555 45.6134033203125 119672.9609375
25.5 100 -1.91416573524475 1 1 1 -9.79730892181396 -0.00515956338495016 -3.01547373737776e-08 -0.100320771336555 45.6134033203125 119730.359375
25.6 100 -1.92405700683594 1 1 1 -9.79746723175049 -0.00512583879753947 -3.14748973551104e-08 -0.100314773619175 45.6013488769531 119845.1640625
25.7 100 -1.93394887447357 1 1 1 -9.79762363433838 -0.00509259104728699 -3.21625464039244e-08 -0.100308485329151 45.5892944335938 119960
25.8 100 -1.94384133815765 1 1 1 -9.797776222229 -0.00506448745727539 -3.54408982161658e-08 -0.100301675498486 45.5772399902344 120017.4296875
25.9 100 -1.95373427867889 1 1 1 -9.79792881011963 -0.00503156706690788 -3.09963894551402e-08 -0.100295037031174 45.565185546875 120132.296875
26 100 -1.96362793445587 1 1 1 -9.79807758331299 -0.00499896891415119 -2.56548382537858e-08 -0.100288540124893 45.5531616210938 120247.1953125
26.1 100 -1.97352194786072 1 1 1 -9.79807758331299 -0.00499896891415119 -2.56548382537858e-08 -0.100288540124893 45.5531616210938 120304.6484375
26.2 100 -1.9834166765213 1 1 1 -9.79822540283203 -0.00496696215122938 -2.14183835112181e-08 -0.100282028317451 45.5411071777344 120419.578125
26.3 100 -1.99331152439117 1 1 1 -9.79836940765381 -0.00493540754541755 -1.72148055810339e-08 -0.100275315344334 45.529052734375 120534.5234375
26.4 100 -2.00320768356323 1 1 1 -9.79851055145264 -0.0049092429690063 -1.43475249458902e-08 -0.100268244743347 45.5169982910156 120592.0078125
26.5 100 -2.01310348510742 1 1 1 -9.79865264892578 -0.0048770634457469 -9.09148312189245e-09 -0.100261725485325 45.5049438476562 120706.9921875
26.6 100 -2.02300024032593 1 1 1 -9.79879093170166 -0.00484616728499532 9.84184622687678e-10 -0.100255437195301 45.492919921875 120822
26.7 100 -2.03289747238159 1 1 1 -9.79879093170166 -0.00484616728499532 9.84184622687678e-10 -0.100255437195301 45.492919921875 120879.5078125
26.8 100 -2.04279518127441 1 1 1 -9.79892635345459 -0.00481574330478907 8.09872702234316e-09 -0.100249148905277 45.4808654785156 120994.546875
26.9 100 -2.05269360542297 1 1 1 -9.79905986785889 -0.00478756055235863 1.74464016566844e-08 -0.100242801010609 45.4688110351562 121109.609375
27 100 -2.06259202957153 1 1 1 -9.79919147491455 -0.00476020062342286 2.02425010087381e-08 -0.100236423313618 45.456787109375 121167.140625
27.1 100 -2.07249140739441 1 1 1 -9.79932117462158 -0.00473038945347071 2.64988795350973e-08 -0.10023033618927 45.4447326660156 121282.234375
27.2 100 -2.08239102363586 1 1 1 -9.7994499206543 -0.00470096664503217 3.0328664024637e-08 -0.10022459179163 45.4327392578125 121397.34375
27.3 100 -2.09229111671448 1 1 1 -9.7994499206543 -0.00470096664503217 3.0328664024637e-08 -0.10022459179163 45.4327392578125 121454.90625
27.4 100 -2.10219168663025 1 1 1 -9.79957580566406 -0.00467199319973588 3.52769404798892e-08 -0.10021897405386 45.4206848144531 121570.046875
27.5 100 -2.1120924949646 1 1 1 -9.7996997833252 -0.00464330101385713 3.64722154699848e-08 -0.100213468074799 45.4086608886719 121685.1953125
27.6 100 -2.12199425697327 1 1 1 -9.79982089996338 -0.00461700838059187 3.93285013444711e-08 -0.100207850337029 45.3966064453125 121742.7890625
27.7 100 -2.13189625740051 1 1 1 -9.79994106292725 -0.0045917546376586 4.17334540259162e-08 -0.100202225148678 45.3845825195312 121857.9765625
27.8 100 -2.14179849624634 1 1 1 -9.8000602722168 -0.00456293998286128 4.13789926767549e-08 -0.100197181105614 45.3725280761719 121973.1796875
27.9 100 -2.1517014503479 1 1 1 -9.8000602722168 -0.00456293998286128 4.13789926767549e-08 -0.100197181105614 45.3725280761719 122030.7890625
28 100 -2.16160440444946 1 1 1 -9.80017852783203 -0.00453523173928261 4.50811725727363e-08 -0.10019239783287 45.3605041503906 122146.0234375
28.1 100 -2.17150831222534 1 1 1 -9.80029296875 -0.00450978986918926 4.87169984353386e-08 -0.100187659263611 45.3484802246094 122261.2734375
28.2 100 -2.18141222000122 1 1 1 -9.80040645599365 -0.00448483694344759 4.6960156652176e-08 -0.100183069705963 45.33642578125 122318.90625
28.3 100 -2.19131660461426 1 1 1 -9.80051898956299 -0.0044577238149941 4.58277682469088e-08 -0.100178919732571 45.3244018554688 122434.1796875
28.4 100 -2.20320272445679 1 1 1 -9.80063056945801 -0.00443080253899097 4.03185538289108e-08 -0.100175224244595 45.3123779296875 122549.46875
28.5 100 -2.21112680435181 1 1 1 -9.80063056945801 -0.00443080253899097 4.03185538289108e-08 -0.100175224244595 45.3123779296875 122607.125
28.6 100 -2.22103214263916 1 1 1 -9.80074024200439 -0.00440435484051704 3.64104479899652e-08 -0.100171774625778 45.3003234863281 122722.4375
28.7 100 -2.23093891143799 1 1 1 -9.80084705352783 -0.00437824567779899 3.304053208808e-08 -0.100168451666832 45.2882995605469 122837.765625
28.8 100 -2.24084520339966 1 1 1 -9.80095195770264 -0.00435681454837322 3.2161356244842e-08 -0.100165031850338 45.2762756347656 122895.4375
28.9 100 -2.25075197219849 1 1 1 -9.80105876922607 -0.00433008559048176 2.86629706636177e-08 -0.100162290036678 45.2642517089844 123010.7890625
29 100 -2.26065969467163 1 1 1 -9.80116271972656 -0.0043044202029705 2.30310632787223e-08 -0.100159876048565 45.2522277832031 123126.15625
29.1 100 -2.27056741714478 1 1 1 -9.80116271972656 -0.0043044202029705 2.30310632787223e-08 -0.100159876048565 45.2522277832031 123183.84375
29.2 100 -2.28047513961792 1 1 1 -9.8012638092041 -0.00427906773984432 1.99408827228353e-08 -0.100157558917999 45.2402038574219 123299.2265625
29.3 100 -2.29038381576538 1 1 1 -9.80136489868164 -0.00425565801560879 1.47115413184906e-08 -0.100155346095562 45.2281799316406 123414.6328125
29.4 100 -2.30029249191284 1 1 1 -9.80146408081055 -0.00423268042504787 9.68265112533118e-09 -0.10015320032835 45.2161560058594 123472.3359375
29.5 100 -2.31020164489746 1 1 1 -9.80156326293945 -0.00420765671879053 4.82608486507274e-09 -0.100151352584362 45.2041320800781 123587.7578125
29.6 100 -2.32011127471924 1 1 1 -9.80166053771973 -0.00418273266404867 -1.11737574748361e-09 -0.100149855017662 45.1921081542969 123703.1953125
29.7 100 -2.33002138137817 1 1 1 -9.80166053771973 -0.00418273266404867 -1.11737574748361e-09 -0.100149855017662 45.1921081542969 123760.9140625
29.8 100 -2.33993148803711 1 1 1 -9.80175685882568 -0.00415809638798237 -9.91022996998936e-09 -0.100148603320122 45.1800537109375 123876.359375
29.9 100 -2.3498420715332 1 1 1 -9.80185127258301 -0.00413561286404729 -1.55204951113319e-08 -0.100147321820259 45.1680297851562 123991.8203125
30 100 -2.35975313186646 1 1 1 -9.80194473266602 -0.00411337986588478 -2.05907255690363e-08 -0.100146032869816 45.156005859375 124049.5546875
30.1 100 -2.36966419219971 1 1 1 -9.80203723907471 -0.00408910354599357 -2.57336250086837e-08 -0.100145034492016 45.1439819335938 124165.03125
30.2 100 -2.37957572937012 1 1 1 -9.8021297454834 -0.00406500604003668 -2.96255926457434e-08 -0.100144304335117 45.1319580078125 124280.5234375
30.3 100 -2.38948822021484 1 1 1 -9.8021297454834 -0.00406500604003668 -2.96255926457434e-08 -0.100144304335117 45.1319580078125 124338.2734375
30.4 100 -2.39940071105957 1 1 1 -9.80222034454346 -0.00404118793085217 -3.1911039144461e-08 -0.100143641233444 45.1199340820312 124453.78125
30.5 100 -2.40931272506714 1 1 1 -9.8023099899292 -0.00401758868247271 -3.50992266362482e-08 -0.100142940878868 45.10791015625 124569.296875
30.6 100 -2.41922616958618 1 1 1 -9.80239677429199 -0.00399775011464953 -3.43696981985886e-08 -0.100141994655132 45.0958862304688 124627.0546875
30.7 100 -2.42913961410522 1 1 1 -9.80248546600342 -0.0039741164073348 -3.91161201207524e-08 -0.100141353905201 45.0838317871094 124742.6015625
30.8 100 -2.43905305862427 1 1 1 -9.80257320404053 -0.00395065080374479 -4.08907752103005e-08 -0.100140914320946 45.0718078613281 124858.140625
30.9 100 -2.44896650314331 1 1 1 -9.80257320404053 -0.00395065080374479 -4.08907752103005e-08 -0.100140914320946 45.0718078613281 124915.9140625
31 100 -2.45888137817383 1 1 1 -9.802659034729 -0.00392731232568622 -3.71135371324272e-08 -0.100140601396561 45.0597839355469 125031.46875
31.1 100 -2.46879625320435 1 1 1 -9.80274295806885 -0.00390597339719534 -3.68663677363656e-08 -0.10014022141695 45.0477600097656 125147.0390625
31.2 100 -2.47871065139771 1 1 1 -9.80282688140869 -0.00388530944474041 -3.61581911079156e-08 -0.100139759480953 45.0357360839844 125204.828125
31.3 100 -2.48862600326538 1 1 1 -9.80291080474854 -0.00386166479438543 -3.05441005821194e-08 -0.100139625370502 45.0237121582031 125320.40625
31.4 100 -2.49854183197021 1 1 1 -9.80299282073975 -0.00383873749524355 -2.5019771143775e-08 -0.100139640271664 45.0116882324219 125436
31.5 100 -2.50845766067505 1 1 1 -9.80299282073975 -0.00383873749524355 -2.5019771143775e-08 -0.100139640271664 45.0116882324219 125493.8046875
31.6 100 -2.51837396621704 1 1 1 -9.80307483673096 -0.00381600926630199 -1.95543812253618e-08 -0.100139684975147 44.9996643066406 125609.40625
31.7 100 -2.52829027175903 1 1 1 -9.80315399169922 -0.00379358278587461 -1.41173384093918e-08 -0.100139588117599 44.9876403808594 125725.0234375
31.8 100 -2.54019069671631 1 1 1 -9.80323314666748 -0.00377467856742442 -8.67896865486273e-09 -0.100139163434505 44.9756164550781 125840.6484375
31.9 100 -2.54812431335449 1 1 1 -9.80331230163574 -0.00375215499661863 -1.9866845946126e-09 -0.100138902664185 44.9635925292969 125898.4609375
32 100 -2.5580415725708 1 1 1 -9.803391456604 -0.0037297667004168 2.68865707475641e-09 -0.100138768553734 44.9515686035156 126014.09375
32.1 100 -2.56795930862427 1 1 1 -9.803391456604 -0.0037297667004168 2.68865707475641e-09 -0.100138768553734 44.9515686035156 126071.9140625
32.2 100 -2.57787752151489 1 1 1 -9.80346775054932 -0.00370756536722183 9.34808852548485e-09 -0.100138552486897 44.9395446777344 126187.5703125
32.3 100 -2.58779573440552 1 1 1 -9.80354309082031 -0.00368710560724139 1.65053748446553e-08 -0.100138120353222 44.9275207519531 126303.2265625
32.4 100 -2.59771394729614 1 1 1 -9.80361747741699 -0.00366689800284803 2.04471763964875e-08 -0.100137561559677 44.9154968261719 126361.0625
32.5 100 -2.60763311386108 1 1 1 -9.8036937713623 -0.00364480656571686 2.36447643686688e-08 -0.100137129426003 44.9034729003906 126476.7265625
32.6 100 -2.61755275726318 1 1 1 -9.80376815795898 -0.00362278148531914 2.93699837783379e-08 -0.100136861205101 44.8914489746094 126592.421875
32.7 100 -2.62747192382812 1 1 1 -9.80376815795898 -0.00362278148531914 2.93699837783379e-08 -0.100136861205101 44.8914489746094 126650.265625
32.8 100 -2.63739156723022 1 1 1 -9.80384159088135 -0.00360100390389562 3.50912685576077e-08 -0.100136585533619 44.8794555664062 126765.953125
32.9 100 -2.64731121063232 1 1 1 -9.80391311645508 -0.00357950897887349 4.04106579310337e-08 -0.100136131048203 44.867431640625 126881.65625
33 100 -2.65723180770874 1 1 1 -9.80398368835449 -0.0035617658868432 4.47328254438162e-08 -0.10013535618782 44.8554077148438 126939.515625
33.1 100 -2.66715240478516 1 1 1 -9.80405521392822 -0.00353962136432528 4.7319709040039e-08 -0.10013484954834 44.8433837890625 127055.2265625
33.2 100 -2.67707300186157 1 1 1 -9.80412578582764 -0.00351822911761701 4.71704630911063e-08 -0.100134342908859 44.8313598632812 127170.953125
33.3 100 -2.68699407577515 1 1 1 -9.80412578582764 -0.00351822911761701 4.71704630911063e-08 -0.100134342908859 44.8313598632812 127228.8203125
33.4 100 -2.69691562652588 1 1 1 -9.80419540405273 -0.0034970068372786 4.41735146239353e-08 -0.100133694708347 44.8193359375 127344.5546875
33.5 100 -2.70683765411377 1 1 1 -9.80426216125488 -0.00347451004199684 4.21737134104205e-08 -0.100132770836353 44.8073120117188 127460.3046875
33.6 100 -2.7167592048645 1 1 1 -9.80432891845703 -0.00345844961702824 3.86319740641738e-08 -0.100131288170815 44.7952880859375 127518.1875
33.7 100 -2.72668123245239 1 1 1 -9.8043966293335 -0.00343715795315802 3.56653337973967e-08 -0.100130096077919 44.7832641601562 127633.9453125
33.8 100 -2.73660373687744 1 1 1 -9.80446338653564 -0.00341612240299582 3.16928421284501e-08 -0.100129023194313 44.771240234375 127749.7109375
33.9 100 -2.74652671813965 1 1 1 -9.80446338653564 -0.00341612240299582 3.16928421284501e-08 -0.100129023194313 44.771240234375 127807.6015625
34 100 -2.75644969940186 1 1 1 -9.80452919006348 -0.0033952568192035 2.79905858491247e-08 -0.100127972662449 44.7592163085938 127923.390625
34.1 100 -2.76637268066406 1 1 1 -9.80459499359131 -0.0033760080114007 2.12844923908051e-08 -0.100126825273037 44.7471923828125 128039.1796875
34.2 100 -2.77629566192627 1 1 1 -9.80465793609619 -0.00335754570551217 1.31208626186208e-08 -0.100125528872013 44.7351684570312 128097.0703125
34.3 100 -2.78622007369995 1 1 1 -9.80472278594971 -0.00333641236647964 8.90298501587949e-09 -0.100124448537827 44.72314453125 128212.8828125
34.4 100 -2.79614400863647 1 1 1 -9.80478572845459 -0.00331593165174127 4.80164930038995e-09 -0.100123427808285 44.7111206054688 128328.6953125
34.5 100 -2.80606842041016 1 1 1 -9.80478572845459 -0.00331593165174127 4.80164930038995e-09 -0.100123427808285 44.7111206054688 128386.6015625
34.6 100 -2.81599235534668 1 1 1 -9.80484771728516 -0.00329568074084818 -9.31642651913478e-10 -0.100122340023518 44.6990966796875 128502.4296875
34.7 100 -2.82591724395752 1 1 1 -9.80490779876709 -0.0032770368270576 -6.63146604296116e-09 -0.100120946764946 44.6870727539062 128618.2578125
34.8 100 -2.83584260940552 1 1 1 -9.80496788024902 -0.00325868860818446 -1.36424374019839e-08 -0.100119411945343 44.675048828125 128676.1796875
34.9 100 -2.84576797485352 1 1 1 -9.80502891540527 -0.0032386458478868 -2.14583479873909e-08 -0.100117906928062 44.6630554199219 128792.0390625
35 100 -2.85569286346436 1 1 1 -9.80508804321289 -0.00321874115616083 -2.50535467927193e-08 -0.100116424262524 44.6510314941406 128907.890625
35.1 100 -2.86561822891235 1 1 1 -9.80508804321289 -0.00321874115616083 -2.50535467927193e-08 -0.100116424262524 44.6510314941406 128965.8125
35.2 100 -2.87554454803467 1 1 1 -9.80514717102051 -0.00319895031861961 -3.00945828257682e-08 -0.10011488199234 44.6390075683594 129081.6796875
35.3 100 -2.88547086715698 1 1 1 -9.80520534515381 -0.00317936250939965 -3.61955798666713e-08 -0.10011325776577 44.6269836425781 129197.5703125
35.4 100 -2.89539766311646 1 1 1 -9.80526065826416 -0.00316321616992354 -4.3326274123956e-08 -0.100111335515976 44.6149597167969 129255.5078125
35.5 100 -2.90532398223877 1 1 1 -9.80531883239746 -0.00314317177981138 -4.7763766275466e-08 -0.100109599530697 44.6029357910156 129371.3984375
35.6 100 -2.91525030136108 1 1 1 -9.80537414550781 -0.00312382238917053 -4.79296815569796e-08 -0.100107915699482 44.5909118652344 129487.296875
35.7 100 -2.92517805099487 1 1 1 -9.80537414550781 -0.00312382238917053 -4.79296815569796e-08 -0.100107915699482 44.5909118652344 129545.25
35.8 100 -2.9351053237915 1 1 1 -9.80542945861816 -0.00310466066002846 -4.66135716692406e-08 -0.100106127560139 44.5789184570312 129661.1640625
35.9 100 -2.94503307342529 1 1 1 -9.8054838180542 -0.00308686587959528 -4.41874519196972e-08 -0.100104227662086 44.56689453125 129777.0859375
36 100 -2.95496082305908 1 1 1 -9.80553722381592 -0.00306982104666531 -4.29123403478116e-08 -0.100102171301842 44.5548706054688 129835.0546875
36.1 100 -2.96488857269287 1 1 1 -9.80559158325195 -0.00305035384371877 -4.10696543440281e-08 -0.100100293755531 44.5428466796875 129950.984375
36.2 100 -2.97481679916382 1 1 1 -9.80564498901367 -0.00303155719302595 -3.80280376077735e-08 -0.100098423659801 44.5308227539062 130066.921875
36.3 100 -2.98474550247192 1 1 1 -9.80564498901367 -0.00303155719302595 -3.80280376077735e-08 -0.100098423659801 44.5308227539062 130124.90625
36.4 100 -2.99467468261719 1 1 1 -9.80569553375244 -0.00301293726079166 -3.18967359191902e-08 -0.100096456706524 44.5188293457031 130240.8671875
36.5 100 -3.00460338592529 1 1 1 -9.80574798583984 -0.00299449730664492 -2.559194456353e-08 -0.100094355642796 44.5068054199219 130356.8203125
36.6 100 -3.0145320892334 1 1 1 -9.80579662322998 -0.00297887483611703 -2.10858033256045e-08 -0.100091971457005 44.4947814941406 130414.8046875
36.7 100 -3.02446174621582 1 1 1 -9.80584812164307 -0.00296041974797845 -1.65748037517233e-08 -0.100089743733406 44.4827575683594 130530.78125
36.8 100 -3.03439140319824 1 1 1 -9.80589771270752 -0.00294205779209733 -1.15290950120084e-08 -0.100087635219097 44.4707641601562 130646.7734375
36.9 100 -3.04432153701782 1 1 1 -9.80589771270752 -0.00294205779209733 -1.15290950120084e-08 -0.100087635219097 44.4707641601562 130704.7734375
37 100 -3.0542516708374 1 1 1 -9.80594730377197 -0.00292396242730319 -1.48683798606442e-09 -0.100085534155369 44.458740234375 130820.7734375
37.1 100 -3.06418132781982 1 1 1 -9.80599594116211 -0.00290599791333079 9.54682644049853e-09 -0.100083366036415 44.4467163085938 130936.7734375
37.2 100 -3.0741114616394 1 1 1 -9.80604267120361 -0.00289120152592659 1.94884801629769e-08 -0.100080981850624 44.4346923828125 130994.78125
37.3 100 -3.0840425491333 1 1 1 -9.80609035491943 -0.00287286378443241 2.86370838153971e-08 -0.100078880786896 44.4226989746094 131110.8125
37.4 100 -3.09397411346436 1 1 1 -9.80613708496094 -0.00285517680458724 3.76615538755232e-08 -0.100076839327812 44.4106750488281 131226.828125
37.5 100 -3.10390520095825 1 1 1 -9.80613708496094 -0.00285517680458724 3.76615538755232e-08 -0.100076839327812 44.4106750488281 131284.859375
37.6 100 -3.11383628845215 1 1 1 -9.80618286132812 -0.00283766305074096 4.33528519749871e-08 -0.100074730813503 44.3986511230469 131400.890625
37.7 100 -3.12376737594604 1 1 1 -9.80622863769531 -0.00282032671384513 4.8094250360009e-08 -0.100072540342808 44.3866577148438 131516.9375
37.8 50 -3.13369941711426 1 1 1 -9.80627250671387 -0.00280565768480301 5.38955831075327e-08 -0.100070133805275 44.3746337890625 131574.96875
37.9 50 -3.14363145828247 1 1 1 -9.80631828308105 -0.00278832786716521 5.71518334879784e-08 -0.100067928433418 44.3626098632812 131691.03125
38 50 -3.15355348587036 1 1 1 -9.80573749542236 -0.000565158668905497 6.02288281470464e-08 -0.0999736040830612 44.3506164550781 131807.03125
38.1 50 -3.16345167160034 1 1 1 -9.80573749542236 -0.000565158668905497 6.02288281470464e-08 -0.0999736040830612 44.3506164550781 131865.015625
38.2 50 -3.17330360412598 1 1 1 -9.80137825012207 -0.00112463929690421 6.15511979162875e-08 -0.0990733280777931 44.3386535644531 131981.09375
38.3 50 -3.18308877944946 1 1 1 -9.79762172698975 -0.00151744775939733 6.47217248683774e-08 -0.0975336208939552 44.3268432617188 132097.21875
38.4 50 -3.19278907775879 1 1 1 -9.79457378387451 -0.00178933038841933 6.61723902339872e-08 -0.0955149754881859 44.3152465820312 132155.265625
38.5 50 -3.20238876342773 1 1 1 -9.79209327697754 -0.00197700737044215 6.41779536181275e-08 -0.0931467637419701 44.3039245605469 132271.28125
38.6 0 -3.21187400817871 1 1 1 -9.79006862640381 -0.00210790405981243 5.86180775030698e-08 -0.0905329883098602 44.2929382324219 132386.96875
38.7 0 -3.22123241424561 1 1 1 -9.79006862640381 -0.00210790405981243 5.86180775030698e-08 -0.0905329883098602 44.2929382324219 132444.65625
38.8 0 -3.23045492172241 1 1 1 -9.78840255737305 -0.00220214063301682 5.19896303785572e-08 -0.0877569019794464 44.2822570800781 132559.578125
38.9 0 -3.23950624465942 1 1 1 -9.78658199310303 -0.00381571473553777 4.48091945770557e-08 -0.0849714428186417 44.2719116210938 132673.140625
39 0 -3.2483549118042 1 1 1 -9.78497409820557 -0.00341667886823416 3.87280962854675e-08 -0.0824753493070602 44.2619323730469 132729
39.1 0 -3.25697469711304 1 1 1 -9.78323173522949 -0.00313879130408168 2.85950729761453e-08 -0.0801408141851425 44.2521667480469 132838.234375
39.2 0 -3.2653431892395 1 1 1 -9.78161907196045 -0.00297494931146502 2.18743672064647e-08 -0.0779133662581444 44.2427368164062 132943.359375
39.3 0 -3.27344083786011 1 1 1 -9.78161907196045 -0.00297494931146502 2.18743672064647e-08 -0.0779133662581444 44.2427368164062 132994.171875
39.4 0 -3.28125047683716 1 1 1 -9.78020572662354 -0.00285675772465765 1.54495474191663e-08 -0.0757579803466797 44.2335510253906 133091.828125
39.5 0 -3.28875780105591 1 1 1 -9.77901649475098 -0.00277377245947719 7.01856350815433e-09 -0.0736469775438309 44.2245788574219 133183.8125
39.6 0 -3.29595041275024 1 1 1 -9.77807521820068 -0.00271193287335336 -7.46081196822956e-10 -0.0715596005320549 44.2158813476562 133227.515625
39.7 0 -3.30281972885132 1 1 1 -9.77738857269287 -0.00266116624698043 -5.97702065618932e-09 -0.0694794878363609 44.2074584960938 133310.1875
39.8 0 -3.30935573577881 1 1 1 -9.77696514129639 -0.0026080475654453 -1.4283822125094e-08 -0.0673956871032715 44.1992492675781 133386.28125
39.9 0 -3.31555414199829 1 1 1 -9.77696514129639 -0.0026080475654453 -1.4283822125094e-08 -0.0673956871032715 44.1992492675781 133421.796875
40 0 -3.32140874862671 1 1 1 -9.77679920196533 -0.00255150883458555 -2.21173266368169e-08 -0.065300814807415 44.1912841796875 133487.65625
40.1 0 -3.32691669464111 1 1 1 -9.77687168121338 -0.0024908035993576 -2.87357657668963e-08 -0.0631885677576065 44.18359375 133546.53125
40.2 0 -3.33207654953003 1 1 1 -9.7771577835083 -0.00243005575612187 -3.38290284673803e-08 -0.0610537230968475 44.1761779785156 133573.328125
40.3 0 -3.33688688278198 1 1 1 -9.77763080596924 -0.00236196117475629 -3.78079718643676e-08 -0.058893408626318 44.1690063476562 133621.671875
40.4 0 -3.34134769439697 1 1 1 -9.77825260162354 -0.0022944281809032 -4.15775502915494e-08 -0.0567048527300358 44.1620788574219 133662.984375
40.5 0 -3.34545946121216 1 1 1 -9.77825260162354 -0.0022944281809032 -4.15775502915494e-08 -0.0567048527300358 44.1620788574219 133681.03125
40.6 0 -3.34922456741333 1 1 1 -9.77897644042969 -0.00221322453580797 -4.33786695452909e-08 -0.0544847287237644 44.1554260253906 133711.9375
40.7 0 -3.35264539718628 1 1 1 -9.77974605560303 -0.00216427119448781 -4.48900152605347e-08 -0.0522272177040577 44.1490783691406 133736.015625
40.8 0 -3.35572528839111 1 1 1 -9.7805347442627 -0.00213923677802086 -4.64018796719756e-08 -0.0499334111809731 44.1429748535156 133745.546875
40.9 0 -3.35846757888794 1 1 1 -9.78129577636719 -0.00209908606484532 -4.63609453049685e-08 -0.0476059950888157 44.13720703125 133759.65625
41 0 -3.36087656021118 1 1 1 -9.78196239471436 -0.00208121119067073 -4.49142945058156e-08 -0.0452434755861759 44.1316833496094 133767.296875
41.1 0 -3.36295652389526 1 1 1 -9.78196239471436 -0.00208121119067073 -4.49142945058156e-08 -0.0452434755861759 44.1316833496094 133768.765625
41.2 0 -3.36471319198608 1 1 1 -9.78247833251953 -0.00208636955358088 -4.40622400788016e-08 -0.0428429134190083 44.1264343261719 133767.078125
41.3 0 -3.36615085601807 1 1 1 -9.78279113769531 -0.00211546593345702 -4.37243485862382e-08 -0.0404016114771366 44.1214599609375 133759.4375
41.4 0 -3.36727523803711 1 1 1 -9.78286075592041 -0.00217675976455212 -4.06974578481822e-08 -0.0379191637039185 44.1168518066406 133753.4375
41.5 0 -3.36809158325195 1 1 1 -9.7826623916626 -0.00224146363325417 -3.83035683171329e-08 -0.0354013890028 44.112548828125 133737.234375
41.6 0 -3.36860704421997 1 1 1 -9.78213691711426 -0.00234410027042031 -3.66259413908665e-08 -0.032849058508873 44.1085205078125 133715.609375
41.7 0 -3.3688268661499 1 1 1 -9.78213691711426 -0.00234410027042031 -3.66259413908665e-08 -0.032849058508873 44.1085205078125 133702.84375
41.8 0 -3.36875677108765 1 1 1 -9.78123378753662 -0.00247918721288443 -3.35781322746698e-08 -0.0302592180669308 44.1048583984375 133673.515625
41.9 0 -3.36840391159058 1 1 1 -9.77992057800293 -0.00264750327914953 -3.00328224511759e-08 -0.0276289656758308 44.1014404296875 133639.375
42 0 -3.36777353286743 1 1 1 -9.77818489074707 -0.00285282684490085 -2.84710814923983e-08 -0.0249591283500195 44.0984191894531 133620.546875
42.1 0 -3.36687278747559 1 1 1 -9.77603435516357 -0.00305612245574594 -2.08959853864599e-08 -0.0222592409700155 44.095703125 133579.609375
42.2 0 -3.36570739746094 1 1 1 -9.77342987060547 -0.00330497580580413 -1.76427299436455e-08 -0.0195301398634911 44.0932922363281 133534.421875
42.3 0 -3.3642840385437 1 1 1 -9.77342987060547 -0.00330497580580413 -1.76427299436455e-08 -0.0195301398634911 44.0932922363281 133510.3125
42.4 0 -3.36260890960693 1 1 1 -9.77034854888916 -0.00358268711715937 -1.32741799774294e-08 -0.0167698320001364 44.0912475585938 133459.21875
42.5 0 -3.36068868637085 1 1 1 -9.76679801940918 -0.00389080680906773 -6.54312293235648e-09 -0.0139775266870856 44.0895385742188 133404.484375
42.6 0 -3.35852909088135 1 1 1 -9.76279258728027 -0.00422901567071676 4.18086543163554e-09 -0.0111555261537433 44.0881958007812 133375.828125
42.7 0 -3.35613584518433 1 1 1 -9.75837707519531 -0.00455761514604092 1.45712659715969e-08 -0.00831539556384087 44.087158203125 133316.0625
42.8 0 -3.35351610183716 1 1 1 -9.75353908538818 -0.00492635928094387 1.17479572736556e-08 -0.00545923179015517 44.0865478515625 133253.203125
42.9 0 -3.35067558288574 1 1 1 -9.75353908538818 -0.00492635928094387 1.17479572736556e-08 -0.00545923179015517 44.0865478515625 133220.703125
43 0 -3.34761953353882 1 1 1 -9.74828052520752 -0.00531800230965018 1.59602624449917e-08 -0.00258401362225413 44.0862426757812 133153.625
43.1 0 -3.34435415267944 1 1 1 -9.74265480041504 -0.00572445057332516 1.42802889513405e-08 0.000306860310956836 44.0863037109375 133083.984375
43.2 0 -3.34088516235352 1 1 1 -9.73669147491455 -0.00615044636651874 1.80902119950588e-08 0.00321104004979134 44.0867004394531 133048.265625
43.3 0 -3.33721828460693 1 1 1 -9.73045635223389 -0.00656133284792304 3.01612352870961e-08 0.00611814251169562 44.0874633789062 132975.15625
43.4 0 -3.3333592414856 1 0 1 -9.72396659851074 0 0 0 0 132899.96875
43.5 0 -3.32931327819824 1 0 1 -9.72396659851074 0 0 0 0 132861.625
43.6 0 -3.32508611679077 1 0 1 -9.71726036071777 0 0 0 0 132783.640625
43.7 0 -3.32068252563477 1 0 1 -9.71038246154785 0 0 0 0 132703.96875
43.8 0 -3.31610679626465 1 0 1 -9.70336055755615 0 0 0 0 132663.5625
43.9 0 -3.31136512756348 1 0 1 -9.69631767272949 0 0 0 0 132581.6875
44 0 -3.30646228790283 1 0 1 -9.68925094604492 0 0 0 0 132498.53125
44.1 0 -3.3014030456543 1 0 1 -9.68925094604492 0 0 0 0 132456.484375
44.2 0 -3.29619121551514 1 0 1 -9.68219089508057 0 0 0 0 132371.609375
44.3 0 -3.29083204269409 1 0 1 -9.67520713806152 0 0 0 0 132285.75
44.4 0 -3.28532886505127 1 0 1 -9.66834163665771 0 0 0 0 132242.484375
44.5 0 -3.27968740463257 1 0 1 -9.66165828704834 0 0 0 0 132155.328125
44.6 0 -3.27391052246094 1 0 1 -9.65517902374268 0 0 0 0 132067.453125
44.7 0 -3.26800394058228 1 0 1 -9.65517902374268 0 0 0 0 132023.265625
44.8 0 -3.26197052001953 1 0 1 -9.64893817901611 0 0 0 0 131934.453125
44.9 0 -3.25581502914429 1 0 1 -9.64296531677246 0 0 0 0 131845.125
45 0 -3.24953889846802 1 0 1 -9.63729953765869 0 0 0 0 131800.265625
45.1 0 -3.24314832687378 1 0 1 -9.63198471069336 0 0 0 0 131710.265625
45.2 0 -3.23533201217651 1 0 1 -9.62703418731689 0 0 0 0 131619.890625
45.3 0 -3.22869968414307 1 0 1 -9.62245273590088 0 0 0 0 131529.203125
45.4 0 -3.2233190536499 1 0 1 -9.62245273590088 0 0 0 0 131483.75
45.5 0 -3.21650171279907 1 0 1 -9.61826705932617 0 0 0 0 131392.671875
45.6 0 -3.20958566665649 1 0 1 -9.61447811126709 0 0 0 0 131347.046875
45.7 0 -3.20257377624512 1 0 1 -9.61111354827881 0 0 0 0 131255.671875
45.8 0 -3.19546937942505 1 0 1 -9.60819816589355 0 0 0 0 131164.109375
45.9 0 -3.18827533721924 1 0 1 -9.60819816589355 0 0 0 0 131118.28125
46 0 -3.18099451065063 1 0 1 -9.6057071685791 0 0 0 0 131026.515625
46.1 0 -3.17363023757935 1 0 1 -9.60364246368408 0 0 0 0 130934.6484375
46.2 0 -3.16618394851685 1 0 1 -9.60199928283691 0 0 0 0 130888.6640625
46.3 0 -3.15865898132324 1 0 1 -9.60077571868896 0 0 0 0 130796.640625
46.4 0 -3.15105819702148 1 0 1 -9.59995651245117 0 0 0 0 130704.5078125
46.5 0 -3.14338350296021 1 0 1 -9.59995651245117 0 0 0 0 130658.4140625
46.6 0 -3.13563680648804 1 0 1 -9.59952449798584 0 0 0 0 130566.1484375
46.7 0 -3.12782144546509 1 0 1 -9.59946918487549 0 0 0 0 130473.78125
46.8 0 -3.11993837356567 1 0 1 -9.59976673126221 0 0 0 0 130427.5703125
46.9 0 -3.1119909286499 1 0 1 -9.60041522979736 0 0 0 0 130335.0546875
47 0 -3.10398101806641 1 0 1 -9.60138416290283 0 0 0 0 130242.4296875
47.1 0 -3.0959095954895 1 0 1 -9.60138416290283 0 0 0 0 130196.0625
47.2 0 -3.08777952194214 1 0 1 -9.6026554107666 0 0 0 0 130103.2421875
47.3 0 -3.07959270477295 1 0 1 -9.60420894622803 0 0 0 0 130010.2890625
47.4 0 -3.07135057449341 1 0 1 -9.60602283477783 0 0 0 0 129963.7578125
47.5 0 -3.06305503845215 1 0 1 -9.60806941986084 0 0 0 0 129870.5546875
47.6 0 -3.05470848083496 1 0 1 -9.61033058166504 0 0 0 0 129777.1875
47.7 0 -3.046311378479 1 0 1 -9.61033058166504 0 0 0 0 129730.4296875
47.8 0 -3.03786611557007 1 0 1 -9.61278533935547 0 0 0 0 129636.75
47.9 0 -3.02767038345337 1 0 1 -9.61541175842285 0 0 0 0 129542.8671875
48 0 -3.02083730697632 1 0 1 -9.61818695068359 0 0 0 0 129495.828125
48.1 0 -3.01225662231445 1 0 1 -9.62108325958252 0 0 0 0 129401.578125
48.2 0 -3.00363397598267 1 0 1 -9.6240873336792 0 0 0 0 129307.0625
48.3 0 -2.99496984481812 1 0 1 -9.6240873336792 0 0 0 0 129259.6953125
48.4 0 -2.98626613616943 1 0 1 -9.62718296051025 0 0 0 0 129164.75
48.5 0 -2.9775242805481 1 0 1 -9.63035011291504 0 0 0 0 129069.5
48.6 0 -2.96874523162842 1 0 1 -9.63356971740723 0 0 0 0 129021.75
48.7 0 -2.95993041992188 1 0 1 -9.63681316375732 0 0 0 0 128926
48.8 0 -2.95108079910278 1 0 1 -9.64008235931396 0 0 0 0 128829.9140625
48.9 0 -2.94219779968262 1 0 1 -9.64008235931396 0 0 0 0 128781.7265625
49 0 -2.93328189849854 1 0 1 -9.64335918426514 0 0 0 0 128685.0859375
49.1 0 -2.92433500289917 1 0 1 -9.64662933349609 0 0 0 0 128588.0625
49.2 0 -2.91535758972168 1 0 1 -9.64988040924072 0 0 0 0 128539.3984375
49.3 0 -2.90635108947754 1 0 1 -9.6530876159668 0 0 0 0 128441.7734375
49.4 0 -2.89731597900391 1 0 1 -9.65625381469727 0 0 0 0 128343.7421875
49.5 0 -2.88825368881226 1 0 1 -9.65625381469727 0 0 0 0 128294.5625
49.6 0 -2.87916421890259 1 0 1 -9.6593713760376 0 0 0 0 128195.890625
49.7 0 -2.87004899978638 1 0 1 -9.66243362426758 0 0 0 0 128096.7734375
49.8 0 -2.8609094619751 1 0 1 -9.66543102264404 0 0 0 0 128047.0546875
49.9 0 -2.85174512863159 1 0 1 -9.66834259033203 0 0 0 0 127947.2734375
50 0 -2.84255790710449 1 0 1 -9.67118167877197 0 0 0 0 127847.0390625
50.1 0 -2.83334827423096 1 0 1 -9.67118167877197 0 0 0 0 127796.75
50.2 0 -2.82411623001099 1 0 1 -9.67394256591797 0 0 0 0 127695.84375
50.3 0 -2.81486368179321 1 0 1 -9.67662048339844 0 0 0 0 127594.46875
50.4 0 -2.80373334884644 1 0 1 -9.67921161651611 0 0 0 0 127492.640625
50.5 0 -2.79629707336426 1 0 1 -9.68170356750488 0 0 0 0 127441.5546875
50.6 0 -2.78698539733887 1 0 1 -9.68410396575928 0 0 0 0 127339.03125
50.7 0 -2.77765464782715 1 0 1 -9.68410396575928 0 0 0 0 127287.6015625
50.8 0 -2.76830577850342 1 0 1 -9.68641662597656 0 0 0 0 127184.40625
50.9 0 -2.75894021987915 1 0 1 -9.68863868713379 0 0 0 0 127080.75
51 0 -2.74955797195435 1 0 1 -9.69077205657959 0 0 0 0 127028.765625
51.1 0 -2.74015951156616 1 0 1 -9.69280529022217 0 0 0 0 126924.4453125
51.2 0 -2.7307448387146 1 0 1 -9.69474792480469 0 0 0 0 126819.6875
51.3 0 -2.72131538391113 1 0 1 -9.69474792480469 0 0 0 0 126767.15625
51.4 0 -2.7118706703186 1 0 1 -9.69660663604736 0 0 0 0 126661.7578125
51.5 0 -2.70241212844849 1 0 1 -9.69838047027588 0 0 0 0 126555.953125
51.6 0 -2.69294023513794 1 0 1 -9.70007228851318 0 0 0 0 126502.8984375
51.7 0 -2.68345499038696 1 0 1 -9.70167541503906 0 0 0 0 126396.484375
51.8 0 -2.67395639419556 1 0 1 -9.70319938659668 0 0 0 0 126289.671875
51.9 0 -2.66444540023804 1 0 1 -9.70319938659668 0 0 0 0 126236.1328125
52 0 -2.65492248535156 1 0 1 -9.70464897155762 0 0 0 0 126128.765625
52.1 0 -2.64538812637329 1 0 1 -9.70602893829346 0 0 0 0 126021.0234375
52.2 0 -2.63584184646606 1 0 1 -9.70734024047852 0 0 0 0 125967.0234375
52.3 0 -2.62628507614136 1 0 1 -9.70857810974121 0 0 0 0 125858.765625
52.4 0 -2.61671733856201 1 0 1 -9.70975208282471 0 0 0 0 125750.171875
52.5 0 -2.60713958740234 1 0 1 -9.70975208282471 0 0 0 0 125695.7578125
52.6 0 -2.5975513458252 1 0 1 -9.71086692810059 0 0 0 0 125586.6953125
52.7 0 -2.58795404434204 1 0 1 -9.71192741394043 0 0 0 0 125477.3203125
52.8 0 -2.57834672927856 1 0 1 -9.71293544769287 0 0 0 0 125422.53125
52.9 0 -2.5687313079834 1 0 1 -9.71388816833496 0 0 0 0 125312.7421875
53 0 -2.55910682678223 1 0 1 -9.71479320526123 0 0 0 0 125202.6953125
53.1 0 -2.54947328567505 1 0 1 -9.71479320526123 0 0 0 0 125147.5703125
53.2 0 -2.53983211517334 1 0 1 -9.71565723419189 0 0 0 0 125037.1484375
53.3 0 -2.53018236160278 1 0 1 -9.71648216247559 0 0 0 0 124926.4921875
53.4 0 -2.52052545547485 1 0 1 -9.71727275848389 0 0 0 0 124871.078125
53.5 0 -2.50892686843872 1 0 1 -9.71802520751953 0 0 0 0 124760.09375
53.6 0 -2.5011887550354 1 0 1 -9.71874618530273 0 0 0 0 124648.9140625
53.7 0 -2.49150991439819 1 0 1 -9.71874618530273 0 0 0 0 124593.2578125
53.8 0 -2.48182392120361 1 0 1 -9.71944427490234 0 0 0 0 124481.8046875
53.9 0 -2.47213172912598 1 0 1 -9.72011566162109 0 0 0 0 124370.1875
54 0 -2.46243238449097 1 0 1 -9.72076606750488 0 0 0 0 124314.3203125
54.1 0 -2.45272731781006 1 0 1 -9.72139549255371 0 0 0 0 124202.46875
54.2 0 -2.44301652908325 1 0 1 -9.72200870513916 0 0 0 0 124090.484375
54.3 0 -2.43330001831055 1 0 1 -9.72200870513916 0 0 0 0 124034.4453125
54.4 0 -2.42357730865479 1 0 1 -9.7226095199585 0 0 0 0 123922.2734375
54.5 0 -2.41190242767334 1 0 1 -9.72319889068604 0 0 0 0 123810
54.6 0 -2.40411520004272 1 0 1 -9.72377872467041 0 0 0 0 123753.8203125
54.7 0 -2.39437675476074 1 0 1 -9.72434902191162 0 0 0 0 123641.390625
54.8 0 -2.38463306427002 1 0 1 -9.72491455078125 0 0 0 0 123528.8828125
54.9 0 -2.37488412857056 1 0 1 -9.72491455078125 0 0 0 0 123472.59375
55 0 -2.36513090133667 1 0 1 -9.72547626495361 0 0 0 0 123359.9765625
55.1 0 -2.3553729057312 1 0 1 -9.72603893280029 0 0 0 0 123247.296875
55.2 0 -2.34561061859131 1 0 1 -9.72660350799561 0 0 0 0 123190.9296875
55.3 0 -2.33584403991699 1 0 1 -9.72716522216797 0 0 0 0 123078.1640625
55.4 0 -2.32607269287109 1 0 1 -9.7277307510376 0 0 0 0 122965.3515625
55.5 0 -2.31629800796509 1 0 1 -9.7277307510376 0 0 0 0 122908.9375
55.6 0 -2.3065185546875 1 0 1 -9.72830009460449 0 0 0 0 122796.0703125
55.7 0 -2.2967357635498 1 0 1 -9.72887706756592 0 0 0 0 122683.171875
55.8 0 -2.28694915771484 1 0 1 -9.72945690155029 0 0 0 0 122626.71875
55.9 0 -2.27520084381104 1 0 1 -9.73004341125488 0 0 0 0 122513.7890625
56 0 -2.26736545562744 1 0 1 -9.73063564300537 0 0 0 0 122400.84375
56.1 0 -2.257568359375 1 0 1 -9.73063564300537 0 0 0 0 122344.3671875
56.2 0 -2.24776744842529 1 0 1 -9.73123931884766 0 0 0 0 122231.4140625
56.3 0 -2.23796367645264 1 0 1 -9.73185062408447 0 0 0 0 122118.4453125
56.4 0 -2.22815704345703 1 0 1 -9.73247051239014 0 0 0 0 122061.9609375
56.5 0 -2.21834707260132 1 0 1 -9.7330961227417 0 0 0 0 121948.984375
56.6 0 -2.20853424072266 1 0 1 -9.73373508453369 0 0 0 0 121836.0234375
56.7 0 -2.19871854782104 1 0 1 -9.73373508453369 0 0 0 0 121779.5390625
56.8 0 -2.18889999389648 1 0 1 -9.73438262939453 0 0 0 0 121666.5703125
56.9 0 -2.17907857894897 1 0 1 -9.73503875732422 0 0 0 0 121553.6171875
57 0 -2.16925477981567 1 0 1 -9.7357063293457 0 0 0 0 121497.140625
57.1 0 -2.15746259689331 1 0 1 -9.73637580871582 0 0 0 0 121384.1953125
57.2 0 -2.14959931373596 1 0 1 -9.73705768585205 0 0 0 0 121271.25
57.3 0 -2.13976764678955 1 0 1 -9.73705768585205 0 0 0 0 121214.78125
57.4 0 -2.12993359565735 1 0 1 -9.73774814605713 0 0 0 0 121101.859375
57.5 0 -2.12009739875793 1 0 1 -9.73844718933105 0 0 0 0 120988.9453125
57.6 0 -2.11025881767273 1 0 1 -9.73915386199951 0 0 0 0 120932.484375
57.7 0 -2.10041832923889 1 0 1 -9.7398624420166 0 0 0 0 120819.578125
57.8 0 -2.09057545661926 1 0 1 -9.74057769775391 0 0 0 0 120706.6875
57.9 0 -2.07876133918762 1 0 1 -9.74130439758301 0 0 0 0 120593.7890625
58 0 -2.07088398933411 1 0 1 -9.74130439758301 0 0 0 0 120537.3515625
58.1 0 -2.06103515625 1 0 1 -9.74203014373779 0 0 0 0 120424.46875
58.2 0 -2.05118441581726 1 0 1 -9.74276161193848 0 0 0 0 120368.03125
58.3 0 -2.04133224487305 1 0 1 -9.74349784851074 0 0 0 0 120255.15625
58.4 0 -2.03147768974304 1 0 1 -9.74423313140869 0 0 0 0 120142.28125
58.5 0 -2.02162194252014 1 0 1 -9.74423313140869 0 0 0 0 120085.8515625
58.6 0 -2.01176404953003 1 0 1 -9.74497222900391 0 0 0 0 119972.9765625
58.7 0 -2.00190448760986 1 0 1 -9.74571132659912 0 0 0 0 119860.1015625
58.8 0 -1.99204349517822 1 0 1 -9.74645614624023 0 0 0 0 119803.6640625
58.9 0 -1.98218071460724 1 0 1 -9.74719333648682 0 0 0 0 119690.7890625
59 0 -1.97231650352478 1 0 1 -9.74793243408203 0 0 0 0 119577.90625
59.1 0 -1.96245050430298 1 0 1 -9.74793243408203 0 0 0 0 119521.46875
59.2 0 -1.95258343219757 1 0 1 -9.74867248535156 0 0 0 0 119408.5703125
59.3 0 -1.9427148103714 1 0 1 -9.74941253662109 0 0 0 0 119295.671875
59.4 0 -1.93284475803375 1 0 1 -9.75015354156494 0 0 0 0 119239.21875
59.5 0 -1.92297339439392 1 0 1 -9.75088214874268 0 0 0 0 119126.296875
59.6 0 -1.9131007194519 1 0 1 -9.75161170959473 0 0 0 0 119013.3671875
59.7 0 -1.90322661399841 1 0 1 -9.75161170959473 0 0 0 0 118956.8984375
59.8 0 -1.89335143566132 1 0 1 -9.75233745574951 0 0 0 0 118843.9453125
59.9 0 -1.88347482681274 1 0 1 -9.75305843353271 0 0 0 0 118730.96875
60 0 -1.87359726428986 1 0 1 -9.75377655029297 0 0 0 0 118674.4765625
60.1 0 -1.86371839046478 1 0 1 -9.75448322296143 0 0 0 0 118561.4765625
60.2 0 -1.8538384437561 1 0 1 -9.75518703460693 0 0 0 0 118448.4453125
60.3 0 -1.84395730495453 1 0 1 -9.75518703460693 0 0 0 0 118391.9296875
60.4 0 -1.83407497406006 1 0 1 -9.75588512420654 0 0 0 0 118278.8671875
60.5 0 -1.82419168949127 1 0 1 -9.75657844543457 0 0 0 0 118165.78125
60.6 0 -1.81430757045746 1 0 1 -9.75726509094238 0 0 0 0 118109.234375
60.7 0 -1.80442214012146 1 0 1 -9.75793933868408 0 0 0 0 117996.1015625
60.8 0 -1.79453575611115 1 0 1 -9.75860500335693 0 0 0 0 117882.9453125
60.9 0 -1.78464841842651 1 0 1 -9.75860500335693 0 0 0 0 117826.359375
61 0 -1.77476012706757 1 0 1 -9.75926685333252 0 0 0 0 117713.15625
61.1 0 -1.76487100124359 1 0 1 -9.75992012023926 0 0 0 0 117599.921875
61.2 0 -1.7549809217453 1 0 1 -9.76056575775146 0 0 0 0 117543.296875
61.3 0 -1.74508988857269 1 0 1 -9.76119709014893 0 0 0 0 117430.015625
61.4 0 -1.73519825935364 1 0 1 -9.76182174682617 0 0 0 0 117316.6953125
61.5 0 -1.72530543804169 1 0 1 -9.76182174682617 0 0 0 0 117260.0234375
61.6 0 -1.71541202068329 1 0 1 -9.76243877410889 0 0 0 0 117146.65625
61.7 0 -1.70551764965057 1 0 1 -9.76304817199707 0 0 0 0 117033.25
61.8 0 -1.69562268257141 1 0 1 -9.76364994049072 0 0 0 0 116976.5390625
61.9 0 -1.68572676181793 1 0 1 -9.76423835754395 0 0 0 0 116863.078125
62 0 -1.67583012580872 1 0 1 -9.764817237854 0 0 0 0 116749.5859375
62.1 0 -1.66593277454376 1 0 1 -9.764817237854 0 0 0 0 116692.828125
62.2 0 -1.65603458881378 1 0 1 -9.76538753509521 0 0 0 0 116579.2734375
62.3 0 -1.64613580703735 1 0 1 -9.76595211029053 0 0 0 0 116465.6875
62.4 0 -1.6362361907959 1 0 1 -9.76650810241699 0 0 0 0 116408.8828125
62.5 0 -1.626335978508 1 0 1 -9.76704883575439 0 0 0 0 116295.234375
62.6 0 -1.61643493175507 1 0 1 -9.7675838470459 0 0 0 0 116181.5546875
62.7 0 -1.60653340816498 1 0 1 -9.7675838470459 0 0 0 0 116124.703125
62.8 0 -1.59663105010986 1 0 1 -9.76811027526855 0 0 0 0 116010.96875
62.9 0 -1.5867280960083 1 0 1 -9.768630027771 0 0 0 0 115897.1953125
63 0 -1.57682466506958 1 0 1 -9.76914119720459 0 0 0 0 115840.296875
63.1 0 -1.56692051887512 1 0 1 -9.76963996887207 0 0 0 0 115726.46875
63.2 0 -1.55701577663422 1 0 1 -9.77013111114502 0 0 0 0 115612.609375
63.3 0 -1.54711043834686 1 0 1 -9.77013111114502 0 0 0 0 115555.6640625
63.4 0 -1.53720462322235 1 0 1 -9.77061557769775 0 0 0 0 115441.75
63.5 0 -1.52729821205139 1 0 1 -9.77109241485596 0 0 0 0 115327.796875
63.6 0 -1.51739120483398 1 0 1 -9.77156066894531 0 0 0 0 115270.8125
63.7 0 -1.50748360157013 1 0 1 -9.77201843261719 0 0 0 0 115156.8046875
63.8 0 -1.49757552146912 1 0 1 -9.77247047424316 0 0 0 0 115042.7734375
63.9 0 -1.48766684532166 1 0 1 -9.77247047424316 0 0 0 0 114985.7421875
64 0 -1.47775757312775 1 0 1 -9.77291679382324 0 0 0 0 114871.65625
64.1 0 -1.46784782409668 1 0 1 -9.77335739135742 0 0 0 0 114757.5390625
64.2 0 -1.45793759822845 1 0 1 -9.77379035949707 0 0 0 0 114700.4765625
64.3 0 -1.44802677631378 1 0 1 -9.77421379089355 0 0 0 0 114586.3125
64.4 0 -1.43811559677124 1 0 1 -9.77463054656982 0 0 0 0 114472.1171875
64.5 0 -1.42820370197296 1 0 1 -9.77463054656982 0 0 0 0 114415.0078125
64.6 0 -1.41829144954681 1 0 1 -9.77504253387451 0 0 0 0 114300.7734375
64.7 0 -1.40837860107422 1 0 1 -9.7754487991333 0 0 0 0 114186.5078125
64.8 0 -1.39846551418304 1 0 1 -9.77585029602051 0 0 0 0 114129.3671875
64.9 0 -1.38855171203613 1 0 1 -9.77624225616455 0 0 0 0 114015.0546875
65 0 -1.37863755226135 1 0 1 -9.7766284942627 0 0 0 0 113900.7265625
65.1 0 -1.36872291564941 1 0 1 -9.7766284942627 0 0 0 0 113843.546875
65.2 0 -1.35880792140961 1 0 1 -9.77700901031494 0 0 0 0 113729.171875
65.3 0 -1.34889233112335 1 0 1 -9.77738761901855 0 0 0 0 113614.78125
65.4 0 -1.33897650241852 1 0 1 -9.77776050567627 0 0 0 0 113557.5703125
65.5 0 -1.32906019687653 1 0 1 -9.77812576293945 0 0 0 0 113443.140625
65.6 0 -1.31914341449738 1 0 1 -9.77848625183105 0 0 0 0 113328.6796875
65.7 0 -1.30922615528107 1 0 1 -9.77848625183105 0 0 0 0 113271.4453125
65.8 0 -1.29930853843689 1 0 1 -9.77884387969971 0 0 0 0 113156.9609375
65.9 0 -1.28939044475555 1 0 1 -9.77919769287109 0 0 0 0 113042.453125
66 0 -1.27947199344635 1 0 1 -9.7795467376709 0 0 0 0 112985.1875
66.1 0 -1.26955318450928 1 0 1 -9.77988910675049 0 0 0 0 112870.6484375
66.2 0 -1.25963401794434 1 0 1 -9.78022861480713 0 0 0 0 112756.09375
66.3 0 -1.24971437454224 1 0 1 -9.78022861480713 0 0 0 0 112698.8046875
66.4 0 -1.23781037330627 1 0 1 -9.78056335449219 0 0 0 0 112584.21875
66.5 0 -1.22987401485443 1 0 1 -9.78089714050293 0 0 0 0 112469.609375
66.6 0 -1.21796905994415 1 0 1 -9.78122711181641 0 0 0 0 112354.984375
66.7 0 -1.21003198623657 1 0 1 -9.78154945373535 0 0 0 0 112297.671875
66.8 0 -1.20011055469513 1 0 1 -9.78186893463135 0 0 0 0 112183.0234375
66.9 0 -1.19018864631653 1 0 1 -9.78186893463135 0 0 0 0 112125.6875
67 0 -1.18026638031006 1 0 1 -9.78218650817871 0 0 0 0 112011.015625
67.1 0 -1.17034375667572 1 0 1 -9.78250217437744 0 0 0 0 111896.328125
67.2 0 -1.16042077541351 1 0 1 -9.78281497955322 0 0 0 0 111838.9765625
67.3 0 -1.15049743652344 1 0 1 -9.78312015533447 0 0 0 0 111724.265625
67.4 50 -1.14057385921478 1 0 1 -9.78342247009277 0 0 0 0 111609.53125
67.5 50 -1.13064980506897 1 0 1 -9.78342247009277 0 0 0 0 111552.1640625
67.6 50 -1.12071824073792 1 0 1 -9.78372383117676 0 0 0 0 111437.3828125
67.7 50 -1.11080658435822 1 0 1 -9.78502368927002 0 0 0 0 111322.6015625
67.8 50 -1.10094130039215 1 0 1 -9.78906059265137 0 0 0 0 111265.296875
67.9 50 -1.09114253520966 1 0 1 -9.79231262207031 0 0 0 0 111150.9921875
68 50 -1.08142817020416 1 0 1 -9.79489994049072 0 0 0 0 111037.2734375
68.1 50 -1.07181406021118 1 0 1 -9.79489994049072 0 0 0 0 110980.703125
68.2 50 -1.0623140335083 1 0 1 -9.79691410064697 0 0 0 0 110868.3046875
68.3 50 -1.05294036865234 1 0 1 -9.79843807220459 0 0 0 0 110757.09375
68.4 50 -1.04370319843292 1 0 1 -9.79954147338867 0 0 0 0 110702
68.5 50 -1.03461146354675 1 0 1 -9.80029106140137 0 0 0 0 110592.984375
68.6 50 -1.02567291259766 1 0 1 -9.80074310302734 0 0 0 0 110485.703125
68.7 50 -1.01689434051514 1 0 1 -9.80074310302734 0 0 0 0 110432.7734375
68.8 50 -1.00828051567078 1 0 1 -9.80094814300537 0 0 0 0 110328.4453125
68.9 50 -0.999836087226868 1 0 1 -9.800950050354 0 0 0 0 110226.3046875
69 50 -0.991564273834229 1 0 1 -9.80079078674316 0 0 0 0 110176.09375
69.1 50 -0.983467519283295 1 0 1 -9.80050563812256 0 0 0 0 110077.4921875
69.2 50 -0.975548148155212 1 0 1 -9.80012512207031 0 0 0 0 109981.3984375
69.3 50 -0.967806935310364 1 0 1 -9.80012512207031 0 0 0 0 109934.328125
69.4 50 -0.96024477481842 1 0 1 -9.79967880249023 0 0 0 0 109842.171875
69.5 50 -0.952861487865448 1 0 1 -9.79919338226318 0 0 0 0 109752.75
69.6 50 -0.945656955242157 1 0 1 -9.7986888885498 0 0 0 0 109709.0703125
69.7 50 -0.938630163669586 1 0 1 -9.79818534851074 0 0 0 0 109623.828125
69.8 50 -0.931779980659485 1 0 1 -9.79769992828369 0 0 0 0 109541.4140625
69.9 50 -0.925104975700378 1 0 1 -9.79769992828369 0 0 0 0 109501.2734375
70 50 -0.918603241443634 1 0 1 -9.7972469329834 0 0 0 0 109423.140625
70.1 50 -0.91227263212204 1 0 1 -9.79683876037598 0 0 0 0 109347.8671875
70.2 50 -0.906111001968384 1 0 1 -9.79648685455322 0 0 0 0 109311.296875
70.3 50 -0.90011602640152 1 0 1 -9.79619693756104 0 0 0 0 109240.28125
70.4 50 -0.894284844398499 1 0 1 -9.79597663879395 0 0 0 0 109172.078125
70.5 50 -0.888614892959595 1 0 1 -9.79597663879395 0 0 0 0 109139.015625
70.6 50 -0.88310319185257 1 0 1 -9.79583072662354 0 0 0 0 109074.96875
70.7 50 -0.87774670124054 1 0 1 -9.79576110839844 0 0 0 0 109013.640625
70.8 50 -0.872542500495911 1 0 1 -9.7957706451416 0 0 0 0 108983.9765625
70.9 50 -0.867487490177155 1 0 1 -9.79585838317871 0 0 0 0 108926.6328125
71 50 -0.862578392028809 1 0 1 -9.79602336883545 0 0 0 0 108871.8671875
71.1 50 -0.8578120470047 1 0 1 -9.79602336883545 0 0 0 0 108845.4375
71.2 50 -0.853185474872589 1 0 1 -9.79626369476318 0 0 0 0 108794.4375
71.3 50 -0.84869509935379 1 0 1 -9.79657459259033 0 0 0 0 108745.8671875
71.4 50 -0.844338059425354 1 0 1 -9.79695320129395 0 0 0 0 108722.4609375
71.5 50 -0.840110838413239 1 0 1 -9.79739665985107 0 0 0 0 108677.3984375
71.6 50 -0.83601039648056 1 0 1 -9.79789638519287 0 0 0 0 108634.5859375
71.7 50 -0.832033574581146 1 0 1 -9.79789638519287 0 0 0 0 108614
71.8 50 -0.828177213668823 1 0 1 -9.79844856262207 0 0 0 0 108574.421875
71.9 50 -0.824438095092773 1 0 1 -9.79904747009277 0 0 0 0 108536.90625
72 50 -0.820813238620758 1 0 1 -9.79968452453613 0 0 0 0 108518.8984375
72.1 50 -0.817299544811249 1 0 1 -9.80035591125488 0 0 0 0 108484.34375
72.2 50 -0.813894033432007 1 0 1 -9.80105495452881 0 0 0 0 108451.6640625
72.3 50 -0.810593664646149 1 0 1 -9.80105495452881 0 0 0 0 108436.0078125
72.4 50 -0.807395696640015 1 0 1 -9.80177402496338 0 0 0 0 108406.0078125
72.5 50 -0.804297208786011 1 0 1 -9.8025074005127 0 0 0 0 108377.6953125
72.6 50 -0.801295399665833 1 0 1 -9.80324935913086 0 0 0 0 108364.1484375
72.7 50 -0.798387587070465 1 0 1 -9.80399322509766 0 0 0 0 108338.2421875
72.8 50 -0.795018374919891 1 0 1 -9.80473518371582 0 0 0 0 108313.84375
72.9 50 -0.792842984199524 1 0 1 -9.80473518371582 0 0 0 0 108302.1875
73 50 -0.7902010679245 1 0 1 -9.80546855926514 0 0 0 0 108279.921875
73.1 50 -0.787642598152161 1 0 1 -9.80618858337402 0 0 0 0 108259
73.2 50 -0.785165309906006 1 0 1 -9.80689239501953 0 0 0 0 108249.015625
73.3 50 -0.78276664018631 1 0 1 -9.80757331848145 0 0 0 0 108229.9765625
73.4 50 -0.780444264411926 1 0 1 -9.80822944641113 0 0 0 0 108212.109375
73.5 50 -0.778195917606354 1 0 1 -9.80822944641113 0 0 0 0 108203.6015625
73.6 50 -0.77601945400238 1 0 1 -9.80885887145996 0 0 0 0 108187.390625
73.7 50 -0.77391254901886 1 0 1 -9.80945682525635 0 0 0 0 108172.203125
73.8 50 -0.77187317609787 1 0 1 -9.81002235412598 0 0 0 0 108164.9765625
73.9 50 -0.769899249076843 1 0 1 -9.8105525970459 0 0 0 0 108151.2265625
74 50 -0.767988681793213 1 0 1 -9.8110466003418 0 0 0 0 108138.359375
74.1 50 -0.766139686107635 1 0 1 -9.8110466003418 0 0 0 0 108132.2421875
74.2 50 -0.764350175857544 1 0 1 -9.81150341033936 0 0 0 0 108120.609375
74.3 50 -0.762618482112885 1 0 1 -9.81192207336426 0 0 0 0 108109.7421875
74.4 50 -0.76094251871109 1 0 1 -9.81230068206787 0 0 0 0 108104.578125
74.5 50 -0.759320855140686 1 0 1 -9.81264209747314 0 0 0 0 108094.765625
74.6 50 -0.757751524448395 1 0 1 -9.81294441223145 0 0 0 0 108085.59375
74.7 50 -0.756233096122742 1 0 1 -9.81294441223145 0 0 0 0 108081.2421875
74.8 50 -0.754763901233673 1 0 1 -9.81320858001709 0 0 0 0 108072.96875
74.9 50 -0.753342270851135 1 0 1 -9.81343650817871 0 0 0 0 108065.25
75 50 -0.751966834068298 1 0 1 -9.81362724304199 0 0 0 0 108061.578125
75.1 50 -0.750636041164398 1 0 1 -9.81378269195557 0 0 0 0 108054.609375
75.2 50 -0.749348342418671 1 0 1 -9.81390476226807 0 0 0 0 108048.0859375
75.3 50 -0.747858285903931 1 0 1 -9.81399440765381 0 0 0 0 108042
75.4 50 -0.746897220611572 1 0 1 -9.81399440765381 0 0 0 0 108039.1015625
75.5 50 -0.745731115341187 1 0 1 -9.81405258178711 0 0 0 0 108033.5859375
75.6 50 -0.744602978229523 1 0 1 -9.8140811920166 0 0 0 0 108030.96875
75.7 50 -0.743511497974396 1 0 1 -9.81408214569092 0 0 0 0 108025.96875
75.8 50 -0.742455363273621 1 0 1 -9.81405735015869 0 0 0 0 108021.28125
75.9 50 -0.741433620452881 1 0 1 -9.81405735015869 0 0 0 0 108019.046875
76 50 -0.740445137023926 1 0 1 -9.81400775909424 0 0 0 0 108014.78125
76.1 50 -0.73948872089386 1 0 1 -9.81393718719482 0 0 0 0 108010.765625
76.2 50 -0.738563418388367 1 0 1 -9.81384563446045 0 0 0 0 108008.8515625
76.3 50 -0.737668216228485 1 0 1 -9.81373500823975 0 0 0 0 108005.171875
76.4 50 -0.73680192232132 1 0 1 -9.81360816955566 0 0 0 0 108001.703125
76.5 50 -0.735963881015778 1 0 1 -9.81360816955566 0 0 0 0 108000.0390625
76.6 50 -0.735153079032898 1 0 1 -9.81346607208252 0 0 0 0 107996.8359375
76.7 50 -0.734368562698364 1 0 1 -9.81331062316895 0 0 0 0 107993.796875
76.8 50 -0.73360937833786 1 0 1 -9.81314277648926 0 0 0 0 107992.3359375
76.9 50 -0.732874870300293 1 0 1 -9.81296539306641 0 0 0 0 107989.5078125
77 50 -0.732164084911346 1 0 1 -9.81277847290039 0 0 0 0 107986.8125
